Test 2
Explosiveness: 0.2/0.4/0.6/0.8;   Data Type: Spread Count
[286, 297, 304, 311, 324, 332, 322, 336, 340, 356, 393, 397, 402, 401, 398, 397, 400, 409, 415, 417, 427]
[366, 386, 404, 400, 417, 417, 444, 440, 434, 445, 430, 446, 443, 438, 441, 455, 452, 452, 458, 452, 445]
[446, 448, 466, 462, 469, 477, 479, 478, 500, 497, 504, 507, 492, 492, 496, 503, 513, 520, 513, 510, 496]
[517, 528, 536, 532, 549, 535, 545, 558, 559, 566, 573, 557, 562, 569, 568, 591, 593, 602, 576, 587, 577]
Link:
[15, 16, 17, 18, 19, 20, 21, 22, 23, 24, 25, 26, 27, 28, 29, 30, 31, 32, 33, 34, 35]

Test 3
Link: 15/20/25;   Data Type: Trust Count
[11.33, 11.23, 11.19, 11.09, 11.47, 11.32, 11.13, 11.35, 11.07, 11.43, 11.04, 11.02, 11.54, 11.61, 12.83, 13.02, 12.5, 12.27, 12.49, 12.89, 12.6, 12.96, 13.0, 13.16, 14.03, 13.78, 13.42, 13.88, 13.7, 13.57, 13.66, 14.15, 13.86, 14.1, 14.28, 14.78, 15.37, 15.57, 14.91, 15.44, 15.54, 15.56, 15.32, 15.0, 15.48, 15.55, 15.79, 15.25, 15.32, 15.44, 15.78, 16.1, 16.5, 16.94, 16.73, 16.53, 16.65, 16.87, 17.16, 17.37, 17.01]
[11.28, 11.85, 11.63, 11.86, 12.0, 13.04, 13.23, 13.23, 12.91, 13.28, 13.19, 13.28, 13.82, 14.17, 14.16, 13.49, 14.16, 14.16, 14.35, 13.77, 14.78, 14.33, 15.46, 15.67, 15.65, 15.77, 15.61, 15.32, 15.3, 15.85, 15.38, 15.9, 15.8, 16.38, 16.81, 16.91, 16.74, 16.75, 16.68, 17.35, 17.48, 17.18, 17.34, 17.65, 17.35, 17.41, 17.39, 17.48, 17.56, 17.32, 17.56, 18.16, 17.67, 17.94, 18.2, 18.67, 18.72, 18.57, 18.74, 18.33, 18.55]
[13.78, 13.55, 13.56, 13.94, 13.65, 13.66, 14.41, 14.13, 14.33, 14.33, 14.22, 14.46, 14.58, 14.64, 15.69, 15.77, 16.27, 16.09, 15.78, 15.92, 16.05, 16.08, 15.97, 16.54, 16.69, 17.04, 16.79, 17.63, 17.5, 17.63, 17.56, 17.67, 17.58, 17.43, 17.67, 17.77, 17.88, 17.57, 17.98, 17.92, 18.68, 18.54, 18.82, 18.57, 18.38, 18.71, 18.56, 18.89, 18.69, 18.77, 18.86, 18.82, 19.11, 18.96, 19.24, 19.26, 19.31, 19.43, 19.49, 19.39, 19.24]
explosiveness:
[0.2, 0.21000000000000002, 0.22000000000000003, 0.23000000000000004, 0.24000000000000005, 0.25000000000000006, 0.26000000000000006, 0.2700000000000001, 0.2800000000000001, 0.2900000000000001, 0.3000000000000001, 0.3100000000000001, 0.3200000000000001, 0.3300000000000001, 0.34000000000000014, 0.35000000000000014, 0.36000000000000015, 0.37000000000000016, 0.38000000000000017, 0.3900000000000002, 0.4000000000000002, 0.4100000000000002, 0.4200000000000002, 0.4300000000000002, 0.4400000000000002, 0.45000000000000023, 0.46000000000000024, 0.47000000000000025, 0.48000000000000026, 0.49000000000000027, 0.5000000000000002, 0.5100000000000002, 0.5200000000000002, 0.5300000000000002, 0.5400000000000003, 0.5500000000000003, 0.5600000000000003, 0.5700000000000003, 0.5800000000000003, 0.5900000000000003, 0.6000000000000003, 0.6100000000000003, 0.6200000000000003, 0.6300000000000003, 0.6400000000000003, 0.6500000000000004, 0.6600000000000004, 0.6700000000000004, 0.6800000000000004, 0.6900000000000004, 0.7000000000000004, 0.7100000000000004, 0.7200000000000004, 0.7300000000000004, 0.7400000000000004, 0.7500000000000004, 0.7600000000000005, 0.7700000000000005, 0.7800000000000005, 0.7900000000000005, 0.8]


Test 11
Link: 15/20/25;   Data Type: Spread Count/Trust Count
[306.42000000000002, 312.37, 309.29999999999995, 311.97000000000003, 316.95000000000005, 320.86000000000001, 325.19, 325.38, 327.31, 338.37, 338.96000000000004, 340.82999999999998, 356.81999999999999, 354.70000000000005, 398.16000000000003, 400.25999999999999, 404.22000000000003, 406.86000000000001, 412.01999999999998, 415.19, 415.34000000000003, 426.63, 431.35000000000002, 444.02999999999997, 452.00999999999999, 445.94999999999999, 458.68000000000001, 456.97000000000003, 462.0, 465.77999999999997, 465.99000000000001, 473.80000000000001, 476.24000000000001, 486.00999999999999, 498.06999999999999, 495.12, 523.31999999999994, 517.25, 523.66999999999996, 516.51999999999998, 524.29999999999995, 529.04999999999995, 528.81999999999994, 532.97000000000003, 527.93000000000006, 541.70000000000005, 539.13, 549.07999999999993, 550.25999999999999, 549.79999999999995, 558.5, 562.66999999999996, 578.20000000000005, 578.67999999999995, 589.45000000000005, 589.80999999999995, 592.15000000000009, 595.50999999999999, 590.0, 593.59999999999991, 602.78999999999996]
[336.39999999999998, 343.93000000000001, 341.25, 348.89999999999998, 358.75, 392.32999999999998, 399.54000000000002, 404.22000000000003, 408.31999999999999, 412.64999999999998, 408.92999999999995, 420.57999999999998, 434.19999999999999, 442.09000000000003, 444.69000000000005, 440.25999999999999, 443.11000000000001, 458.87, 451.49000000000001, 463.84000000000003, 474.75999999999999, 477.81, 496.73000000000002, 491.35000000000002, 496.36000000000001, 495.94999999999999, 501.39999999999998, 507.56, 513.19000000000005, 515.04999999999995, 521.83999999999992, 522.94000000000005, 519.39999999999998, 526.21000000000004, 549.71000000000004, 533.72000000000003, 542.87, 545.28999999999996, 551.30999999999995, 555.75, 564.48000000000002, 556.82999999999993, 573.57999999999993, 573.88, 570.88999999999999, 581.75, 586.21000000000004, 574.63, 593.57999999999993, 603.76999999999998, 595.68000000000006, 606.23000000000002, 610.28999999999996, 613.25, 610.07999999999993, 623.44000000000005, 628.84000000000003, 623.21000000000004, 633.48000000000002, 650.25, 642.77999999999997]
[405.90999999999997, 407.90999999999997, 406.99000000000001, 417.58000000000004, 407.89999999999998, 415.29000000000002, 424.85000000000002, 434.79999999999995, 432.84000000000003, 439.63, 446.50999999999999, 453.34000000000003, 453.38, 458.63999999999999, 484.63999999999999, 477.38999999999999, 479.18000000000001, 477.69999999999999, 493.24000000000001, 489.39999999999998, 493.25999999999999, 503.50999999999999, 504.13999999999999, 510.52999999999997, 519.12, 523.89999999999998, 526.94000000000005, 521.94000000000005, 534.0, 539.76999999999998, 545.35000000000002, 544.36000000000001, 560.35000000000002, 559.24000000000001, 561.18000000000006, 560.88000000000011, 563.25, 567.27999999999997, 567.8900000000001, 585.61000000000001, 592.8900000000001, 602.72000000000003, 604.93000000000006, 603.34000000000003, 600.79999999999995, 611.73000000000002, 607.19000000000005, 603.88999999999999, 620.49000000000001, 627.20000000000005, 638.09000000000003, 627.24000000000001, 642.78999999999996, 640.88, 640.38, 656.85000000000002, 662.09000000000003, 663.02999999999997, 679.96000000000004, 669.66000000000008, 684.03999999999996]
---------------------------------Seperate Line---------------------------------
[11.460000000000001, 11.84, 12.24, 12.620000000000001, 12.870000000000001, 13.309999999999999, 14.640000000000001, 13.34, 14.92, 15.66, 15.23, 15.130000000000001, 18.369999999999997, 18.259999999999998, 31.640000000000001, 32.689999999999998, 32.460000000000001, 31.789999999999999, 33.989999999999995, 33.399999999999999, 36.469999999999999, 37.460000000000001, 37.040000000000006, 44.810000000000002, 51.620000000000005, 50.380000000000003, 52.32, 52.980000000000004, 52.769999999999996, 53.82, 54.329999999999998, 54.530000000000001, 55.009999999999998, 63.950000000000003, 64.670000000000002, 67.140000000000001, 90.739999999999995, 89.140000000000001, 91.289999999999992, 90.580000000000013, 92.239999999999995, 91.719999999999999, 93.0, 93.219999999999999, 93.659999999999997, 93.409999999999997, 96.870000000000005, 98.409999999999997, 100.18000000000001, 101.97, 103.21000000000001, 114.77, 123.12, 126.55, 130.40000000000001, 132.64999999999998, 130.13999999999999, 132.69, 149.24000000000001, 145.73000000000002, 151.69]
[16.449999999999999, 16.530000000000001, 16.939999999999998, 18.09, 23.280000000000001, 39.430000000000007, 40.25, 39.170000000000002, 40.879999999999995, 41.670000000000002, 41.740000000000002, 46.010000000000005, 53.549999999999997, 62.140000000000001, 60.950000000000003, 60.430000000000007, 60.189999999999998, 63.789999999999999, 63.730000000000004, 67.849999999999994, 73.550000000000011, 77.150000000000006, 100.58000000000001, 101.64, 99.289999999999992, 101.41, 99.710000000000008, 101.81, 102.66, 102.19, 106.69, 108.77000000000001, 110.28999999999999, 120.38, 133.92000000000002, 129.66, 136.94999999999999, 138.72, 139.86000000000001, 161.78, 160.71000000000001, 161.85000000000002, 166.26999999999998, 163.00999999999999, 162.16, 167.88, 167.74000000000001, 166.33999999999997, 172.86000000000001, 178.33999999999997, 174.47, 181.01999999999998, 191.48000000000002, 188.04000000000002, 195.41000000000003, 210.65000000000001, 218.47999999999999, 215.80000000000001, 216.39999999999998, 227.13, 223.94999999999999]
[48.740000000000002, 47.629999999999995, 50.280000000000001, 49.840000000000003, 51.939999999999998, 55.079999999999998, 69.840000000000003, 71.97999999999999, 71.539999999999992, 71.550000000000011, 73.340000000000003, 74.050000000000011, 73.009999999999991, 84.150000000000006, 112.88, 112.31, 110.92, 112.73999999999999, 113.31, 114.34, 112.93000000000001, 119.62, 122.41, 129.22, 142.22999999999999, 149.88999999999999, 150.40000000000001, 168.47999999999999, 169.26999999999998, 171.5, 171.63, 173.09, 177.19, 180.72, 178.58999999999997, 178.94999999999999, 184.45999999999998, 186.22, 190.44999999999999, 204.52000000000001, 216.84, 223.79000000000002, 226.86000000000001, 227.38, 221.79000000000002, 228.09, 226.38, 221.72, 229.5, 238.97, 243.17000000000002, 240.36000000000001, 247.44999999999999, 246.48000000000002, 254.99000000000001, 270.09000000000003, 270.85000000000002, 272.86000000000001, 285.86000000000001, 280.91999999999996, 286.34000000000003]
explosiveness:
[0.2, 0.21000000000000002, 0.22000000000000003, 0.23000000000000004, 0.24000000000000005, 0.25000000000000006, 0.26000000000000006, 0.2700000000000001, 0.2800000000000001, 0.2900000000000001, 0.3000000000000001, 0.3100000000000001, 0.3200000000000001, 0.3300000000000001, 0.34000000000000014, 0.35000000000000014, 0.36000000000000015, 0.37000000000000016, 0.38000000000000017, 0.3900000000000002, 0.4000000000000002, 0.4100000000000002, 0.4200000000000002, 0.4300000000000002, 0.4400000000000002, 0.45000000000000023, 0.46000000000000024, 0.47000000000000025, 0.48000000000000026, 0.49000000000000027, 0.5000000000000002, 0.5100000000000002, 0.5200000000000002, 0.5300000000000002, 0.5400000000000003, 0.5500000000000003, 0.5600000000000003, 0.5700000000000003, 0.5800000000000003, 0.5900000000000003, 0.6000000000000003, 0.6100000000000003, 0.6200000000000003, 0.6300000000000003, 0.6400000000000003, 0.6500000000000004, 0.6600000000000004, 0.6700000000000004, 0.6800000000000004, 0.6900000000000004, 0.7000000000000004, 0.7100000000000004, 0.7200000000000004, 0.7300000000000004, 0.7400000000000004, 0.7500000000000004, 0.7600000000000005, 0.7700000000000005, 0.7800000000000005, 0.7900000000000005, 0.8]



